0.0 0.67 0.755 0.76 0.049 
0.86 0.036 0.0 0.173 0.984 
0.969 0.0 0.376 1.0 1.0 
0.819 0.0 1.0 0.383 1.0 
0.993 1.0 0.209 0.201 0.677 
0.861 0.512 0.0 0.504 0.883 
0.186 1.0 0.954 0.913 0.0 
0.43 1.0 0.654 0.93 0.328 
0.967 0.0 0.0 0.0 0.765 
1.0 0.0 0.167 1.0 0.891 
1.0 0.099 1.0 0.111 1.0 
0.865 0.846 0.0 0.151 0.956 
0.765 0.0 0.157 0.0 1.0 
0.255 0.848 1.0 0.982 0.373 
0.463 1.0 0.756 0.672 0.0 
0.77 0.0 0.0 0.11 0.717 
1.0 0.0 0.22 1.0 1.0 
1.0 0.18 1.0 0.075 0.729 
0.85 0.878 0.049 0.01 0.989 
0.86 0.37 0.0 0.0 0.771 
0.0 0.85 0.996 0.812 0.0 
0.0 1.0 0.818 1.0 0.271 
1.0 0.127 0.213 0.348 1.0 
0.709 0.0 0.0 0.925 0.654 
0.761 0.168 1.0 0.0 1.0 
0.983 0.966 0.496 0.067 0.799 
1.0 0.0 0.199 0.039 0.468 
0.001 0.804 0.689 1.0 0.15 
0.0 0.779 0.76 1.0 0.162 
0.983 0.413 0.0 0.546 0.229 
1.0 0.057 0.0 0.887 0.722 
0.737 0.0 1.0 0.0 1.0 
0.809 1.0 0.175 0.0 0.941 
0.897 0.0 0.0 0.095 1.0 
0.0 1.0 0.829 1.0 0.0 
0.0 0.899 1.0 1.0 0.0 
1.0 0.0 0.27 0.11 0.396 
0.894 0.0 0.0 0.98 0.799 
1.0 0.0 1.0 0.192 1.0 
1.0 1.0 0.0 0.011 0.9 
1.0 0.041 0.497 0.0 0.638 
0.112 1.0 1.0 1.0 0.0 
0.0 1.0 0.6 1.0 0.024 
0.356 0.0 0.19 0.061 0.94 
0.538 0.206 0.441 0.742 0.831 
1.0 0.149 0.575 0.0 0.759 
1.0 0.659 0.0 0.0 1.0 
1.0 0.0 0.0 0.0 0.799 
0.271 1.0 1.0 1.0 0.0 
0.0 0.602 0.487 1.0 0.347 
0.678 0.267 0.139 0.0 1.0 
0.745 0.065 0.295 0.432 0.957 
1.0 0.0 0.971 0.135 1.0 
0.997 0.572 0.0 0.21 0.786 
1.0 0.022 0.181 0.132 1.0 
0.0 0.703 1.0 0.695 0.487 
0.0 1.0 1.0 1.0 0.159 
1.0 0.03 0.195 0.013 1.0 
0.925 0.0 0.0 1.0 0.84 
1.0 0.291 0.558 0.0 1.0 
1.0 1.0 0.0 0.0 1.0 
1.0 0.0 0.037 0.031 0.984 
0.202 1.0 1.0 0.875 0.174 
0.092 1.0 0.548 0.77 0.0 
1.0 0.377 0.309 0.0 0.579 
1.0 0.224 0.095 1.0 1.0 
1.0 0.0 0.908 0.0 0.836 
1.0 1.0 0.0 0.0 1.0 
1.0 0.186 0.0 0.241 0.954 
0.094 1.0 1.0 0.667 0.213 
