0.0 0.158 0.991 0.0 0.0 
0.0 1.0 1.0 0.39 0.0 
0.297 0.149 0.799 0.065 0.111 
0.205 0.227 1.0 0.044 0.145 
0.253 0.0 1.0 0.184 0.138 
0.0 0.346 0.965 0.489 0.115 
0.0 0.366 0.881 1.0 0.385 
0.0 0.0 1.0 0.0 0.0 
0.0 1.0 1.0 0.503 0.321 
0.0 0.079 1.0 0.0 0.205 
0.164 0.02 0.918 0.091 0.311 
0.025 0.0 1.0 0.083 0.656 
0.382 0.026 0.642 0.097 0.0 
0.099 0.936 0.858 0.877 0.217 
0.0 0.0 0.885 0.386 0.0 
0.307 0.911 0.757 0.254 0.0 
0.0 0.0 0.626 0.602 0.214 
0.0 0.0 0.988 0.0 0.218 
0.0 0.053 0.566 0.468 0.305 
0.222 0.0 1.0 0.412 0.0 
0.183 1.0 0.816 0.913 0.172 
0.0 0.171 0.564 0.0 0.0 
0.0 1.0 1.0 0.129 0.185 
0.0 0.265 1.0 0.0 0.11 
0.394 0.1 1.0 0.2 0.0 
0.337 0.224 0.859 0.0 0.0 
0.356 0.095 1.0 0.45 0.0 
0.497 1.0 1.0 1.0 0.076 
0.292 0.0 0.933 0.0 0.238 
0.0 1.0 1.0 0.0 0.169 
0.115 0.0 1.0 0.0 0.0 
0.0 0.082 1.0 0.177 0.241 
0.0 0.0 1.0 0.0 0.0 
0.0 0.0 0.831 0.041 0.154 
0.0 0.891 0.845 0.962 0.0 
0.234 0.206 1.0 0.0 0.193 
0.036 1.0 0.909 0.0 0.0 
0.184 0.0 0.744 0.0 0.539 
0.0 0.303 0.819 0.0 0.0 
0.178 0.647 1.0 0.0 0.104 
0.213 0.0 1.0 0.0 0.051 
0.175 1.0 0.785 0.795 0.0 
0.0 0.0 0.895 0.0 0.17 
0.013 0.761 1.0 0.309 0.0 
0.008 0.0 1.0 0.202 0.0 
0.0 0.148 0.918 0.0 0.0 
0.453 0.0 1.0 0.0 0.0 
0.061 0.02 0.611 0.0 0.0 
0.026 1.0 0.864 0.822 0.248 
0.597 0.023 1.0 0.0 0.0 
0.24 0.88 1.0 0.025 0.0 
0.0 0.131 1.0 0.0 0.05 
0.0 0.089 0.693 0.0 0.0 
0.0 0.0 0.983 0.0 0.0 
0.0 0.0 0.865 0.205 0.127 
0.233 0.908 0.534 0.569 0.0 
0.0 0.096 1.0 0.025 0.072 
0.0 1.0 0.763 0.0 0.0 
0.226 0.0 1.0 0.0 0.0 
0.0 0.165 1.0 0.0 0.388 
0.094 0.0 1.0 0.0 0.0 
0.007 0.008 0.671 0.0 0.0 
0.0 0.715 0.951 0.917 0.029 
0.0 0.26 0.863 0.045 0.222 
0.0 1.0 1.0 0.302 0.0 
0.043 0.043 1.0 0.0 0.449 
0.014 0.0 1.0 0.0 0.195 
0.706 0.555 1.0 0.0 0.412 
0.199 0.031 0.674 0.0 0.063 
0.355 0.942 1.0 0.535 0.0 
