0.0 1.0 1.0 0.914 0.085 
1.0 0.043 0.0 0.0 1.0 
0.31 0.255 0.36 0.0 0.752 
0.145 0.0 0.0 1.0 0.0 
0.123 0.252 1.0 0.111 0.0 
0.0 0.955 0.0 0.0 0.0 
1.0 0.902 0.924 0.894 1.0 
0.0 0.789 0.822 1.0 0.0 
1.0 0.0 0.0 0.0 1.0 
0.079 0.0 0.0 0.0 0.808 
0.082 0.093 0.316 0.967 0.29 
0.0 0.0 0.802 0.188 0.476 
0.0 1.0 0.0 0.0 0.111 
0.989 1.0 0.936 1.0 0.84 
0.0 1.0 0.788 1.0 0.004 
0.662 0.126 0.107 0.0 0.909 
0.068 0.0 0.0 0.0 0.5 
0.062 0.0 0.0 1.0 0.0 
0.161 0.0 0.886 0.076 0.049 
0.0 1.0 0.282 0.0 0.0 
0.964 0.916 1.0 0.863 1.0 
0.0 0.833 0.823 1.0 0.37 
0.971 0.011 0.0 0.0 0.771 
0.0 0.273 0.0 0.337 1.0 
0.117 0.188 0.0 1.0 0.04 
0.055 0.0 0.843 0.377 0.0 
0.099 0.825 0.251 0.0 0.0 
1.0 0.682 0.483 0.788 0.999 
0.0 0.816 0.809 0.936 0.103 
0.804 0.0 0.0 0.09 0.465 
0.034 0.0 0.0 0.0 0.849 
0.0 0.0 0.187 1.0 0.097 
0.126 0.399 1.0 0.614 0.0 
0.0 0.74 0.267 0.191 0.0 
1.0 0.982 1.0 1.0 1.0 
0.0 1.0 0.697 1.0 0.062 
0.735 0.0 0.0 0.0 0.499 
0.401 0.198 0.0 0.0 0.616 
0.0 0.0 0.0 1.0 0.328 
0.092 0.0 1.0 0.0 0.0 
0.224 0.904 0.0 0.135 0.184 
1.0 1.0 0.962 1.0 0.969 
0.0 0.326 0.734 1.0 0.415 
1.0 0.134 0.25 0.003 1.0 
0.0 0.0 0.0 0.205 1.0 
0.0 0.185 0.109 0.913 0.609 
0.051 0.366 1.0 0.226 0.0 
0.0 1.0 0.0 0.213 0.064 
1.0 1.0 1.0 0.696 0.713 
0.013 0.765 1.0 0.768 0.0 
1.0 0.366 0.0 0.303 1.0 
0.0 0.103 0.538 0.134 1.0 
0.0 0.0 0.175 0.745 0.545 
0.0 0.157 1.0 0.411 0.0 
0.0 0.779 0.0 0.319 0.284 
0.906 0.661 0.917 0.967 0.846 
0.285 1.0 0.65 1.0 0.0 
1.0 0.229 0.174 0.036 1.0 
0.097 0.091 0.002 0.0 0.816 
0.185 0.0 0.0 0.922 0.113 
0.0 0.0 0.992 0.0 0.0 
0.068 1.0 0.054 0.308 0.0 
1.0 1.0 0.872 1.0 0.694 
0.0 0.946 0.847 0.856 0.295 
1.0 0.0 0.0 0.0 0.676 
0.0 0.155 0.117 0.0 1.0 
0.0 0.0 0.218 0.583 0.192 
0.0 0.107 0.714 0.0 0.239 
0.178 0.734 0.085 0.194 0.119 
1.0 1.0 1.0 0.921 1.0 
