0.0 1.0 0.908 1.0 0.21 
1.0 0.0 0.0 0.0 1.0 
0.0 0.0 0.0 0.26 1.0 
0.037 0.0 0.831 0.984 0.102 
0.0 0.344 0.121 0.112 0.774 
0.457 0.084 0.049 0.0 1.0 
0.0 1.0 1.0 0.881 0.0 
0.549 1.0 1.0 1.0 0.0 
0.797 0.0 0.0 0.0 0.765 
0.0 0.0 0.0 0.0 0.99 
0.0 0.034 0.979 0.915 0.487 
0.0 0.0 0.104 0.439 0.898 
1.0 0.0 0.0 0.0 0.387 
0.0 0.771 0.636 0.524 0.0 
0.0 1.0 0.759 0.801 0.0 
0.948 0.0 0.0 0.0 0.981 
0.0 0.0 0.0 0.0 1.0 
0.274 0.294 1.0 1.0 0.0 
0.0 0.422 0.283 0.059 0.549 
0.447 0.0 0.0 0.0 1.0 
0.0 0.712 1.0 1.0 0.0 
0.316 0.934 0.999 0.887 0.197 
1.0 0.0 0.043 0.058 0.93 
0.0 0.0 0.0 0.0 0.752 
0.134 0.0 0.884 1.0 0.158 
0.21 0.0 0.638 0.0 0.966 
0.839 0.0 0.182 0.0 1.0 
0.119 1.0 1.0 1.0 0.195 
0.012 0.972 0.95 1.0 0.0 
0.824 0.089 0.0 0.474 0.798 
0.197 0.0 0.536 0.0 0.738 
0.172 0.025 0.594 0.987 0.035 
0.428 0.236 0.0 0.173 1.0 
0.824 0.0 0.118 0.0 0.883 
0.265 1.0 0.866 1.0 0.414 
0.0 1.0 1.0 0.677 0.0 
0.91 0.0 0.126 0.0 1.0 
0.217 0.273 0.022 0.001 0.505 
0.016 0.0 0.452 1.0 0.434 
0.103 0.0 0.0 0.124 1.0 
1.0 0.0 0.158 0.0 0.685 
0.0 0.88 1.0 0.927 0.0 
0.0 1.0 1.0 1.0 0.0 
1.0 0.0 0.088 0.0 1.0 
0.037 0.189 0.487 0.216 1.0 
0.0 0.14 0.73 0.924 0.213 
0.132 0.048 0.059 0.256 1.0 
0.604 0.0 0.0 0.456 0.722 
0.026 0.987 1.0 1.0 0.398 
0.074 1.0 1.0 0.992 0.0 
1.0 0.327 0.0 0.185 0.661 
0.205 0.237 0.0 0.21 1.0 
0.0 0.0 1.0 0.671 0.0 
0.205 0.0 0.052 0.162 1.0 
0.894 0.0 0.0 0.0 1.0 
0.177 1.0 0.864 1.0 0.036 
0.0 0.674 1.0 0.996 0.0 
0.878 0.077 0.0 0.135 0.975 
0.0 0.0 0.059 0.0 1.0 
0.0 0.0 0.684 1.0 0.0 
0.174 0.0 0.241 0.0 1.0 
1.0 0.29 0.0 0.0 1.0 
0.0 0.705 0.911 1.0 0.642 
0.0 0.939 1.0 0.67 0.359 
0.824 0.048 0.0 0.0 1.0 
0.0 0.215 0.0 0.0 1.0 
0.213 0.0 0.991 0.715 0.194 
0.0 0.0 0.272 0.08 0.541 
0.679 0.0 0.098 0.0 0.895 
0.346 0.399 1.0 1.0 0.0 
