0.0 0.0 0.0 0.869 0.0 
0.0 0.0 1.0 0.752 0.384 
0.059 1.0 0.166 1.0 0.136 
0.805 0.0 0.158 0.901 0.0 
0.925 0.885 1.0 0.779 0.729 
0.0 0.226 0.027 1.0 0.0 
0.15 0.0 0.199 1.0 0.15 
0.123 0.0 0.0 0.732 0.008 
0.132 0.246 1.0 1.0 0.011 
0.0 1.0 0.0 1.0 0.0 
1.0 0.357 0.062 1.0 0.0 
1.0 0.778 1.0 1.0 0.814 
0.0 0.222 0.0 1.0 0.0 
0.0 0.0 0.0 0.708 0.0 
0.214 0.0 0.0 0.82 0.0 
0.615 0.143 0.769 1.0 0.0 
0.065 1.0 0.14 0.849 0.175 
1.0 0.0 0.288 1.0 0.0 
0.951 1.0 0.846 0.881 1.0 
0.0 0.0 0.468 0.633 0.0 
0.0 0.161 0.209 0.654 0.0 
0.107 0.0 0.185 1.0 0.0 
0.259 0.062 1.0 1.0 0.0 
0.0 0.954 0.0 0.957 0.0 
0.789 0.0 0.0 1.0 0.0 
1.0 1.0 1.0 1.0 0.977 
0.0 0.0 0.16 0.746 0.103 
0.249 0.0 0.203 1.0 0.27 
0.0 0.0 0.0 1.0 0.051 
0.0 0.0 0.996 0.85 0.1 
0.135 0.875 0.0 1.0 0.0 
1.0 0.0 0.0 0.537 0.209 
0.669 0.918 0.857 1.0 1.0 
0.1 0.0 0.267 1.0 0.0 
0.0 0.321 0.0 1.0 0.216 
0.249 0.0 0.0 0.583 0.083 
0.0 0.305 0.758 0.84 0.0 
0.054 1.0 0.215 1.0 0.0 
0.81 0.0 0.0 0.806 0.015 
1.0 1.0 1.0 0.97 1.0 
0.0 0.0 0.122 0.769 0.0 
0.0 0.0 0.0 0.841 0.058 
0.393 0.037 0.173 1.0 0.005 
0.012 0.0 1.0 0.753 0.0 
0.0 0.638 0.463 0.982 0.157 
0.808 0.0 0.0 1.0 0.335 
0.877 0.818 1.0 1.0 1.0 
0.0 0.363 0.121 0.886 0.0 
0.305 0.122 0.028 0.716 0.674 
0.367 0.123 0.0 0.981 0.0 
0.005 0.0 1.0 1.0 0.0 
0.337 0.759 0.213 0.906 0.0 
0.979 0.0 0.001 0.973 0.0 
0.873 0.431 0.623 0.741 1.0 
0.231 0.0 0.4 1.0 0.0 
0.16 0.0 0.0 1.0 0.162 
0.211 0.0 0.348 1.0 0.0 
0.092 0.0 0.785 1.0 0.0 
0.0 0.723 0.067 0.746 0.0 
0.782 0.0 0.0 0.914 0.0 
1.0 1.0 1.0 1.0 0.542 
0.0 0.065 0.167 1.0 0.302 
0.132 0.114 0.0 0.856 0.0 
0.166 0.128 0.0 0.904 0.0 
0.204 0.272 0.752 0.732 0.378 
0.583 1.0 0.0 0.232 0.0 
0.965 0.349 0.0 0.746 0.133 
1.0 1.0 1.0 1.0 1.0 
0.0 0.231 0.0 0.992 0.079 
0.199 0.11 0.0 0.93 0.0 
