0.584 0.82 1.0 1.0 0.932 
0.921 0.0 0.28 0.0 0.282 
0.723 1.0 1.0 0.807 0.173 
0.252 0.451 0.457 0.0 1.0 
0.0 0.0 0.227 0.171 1.0 
1.0 0.0 0.305 0.065 1.0 
0.086 0.777 0.754 1.0 0.216 
0.763 0.599 0.745 0.716 1.0 
0.865 0.026 0.166 0.0 0.161 
1.0 1.0 0.668 1.0 0.0 
0.044 0.0 0.0 0.021 1.0 
0.0 0.088 0.008 0.0 0.895 
1.0 0.113 0.0 0.307 1.0 
0.0 1.0 0.956 1.0 0.0 
0.872 0.953 1.0 1.0 1.0 
1.0 0.0 0.0 0.215 0.0 
1.0 1.0 0.544 0.927 0.0 
0.073 0.32 0.0 0.0 1.0 
0.089 0.0 0.151 0.496 0.944 
0.743 0.143 0.0 0.001 0.808 
0.0 0.878 1.0 0.799 0.0 
1.0 1.0 1.0 1.0 0.78 
1.0 0.0 0.0 0.698 0.499 
0.829 0.687 0.501 0.797 0.013 
0.0 0.0 0.146 0.0 0.962 
0.0 0.027 0.0 0.0 1.0 
0.636 0.0 0.0 0.119 0.975 
0.582 0.784 1.0 1.0 0.0 
0.958 1.0 0.772 0.988 0.744 
1.0 0.39 0.0 0.0 0.0 
1.0 0.625 0.878 0.567 0.177 
0.241 0.0 0.165 0.152 1.0 
0.0 0.0 0.0 0.0 1.0 
0.823 0.144 0.0 0.251 1.0 
0.308 1.0 0.883 0.785 0.095 
1.0 0.863 0.735 1.0 1.0 
1.0 0.0 0.052 0.0 0.0 
0.831 0.85 0.843 0.66 0.0 
0.0 0.0 0.0 0.182 1.0 
0.02 0.103 0.148 0.061 0.646 
0.732 0.257 0.0 0.393 0.825 
0.07 0.628 1.0 0.833 0.159 
0.823 0.642 1.0 0.918 1.0 
1.0 0.103 0.007 0.074 0.0 
0.891 0.95 0.802 1.0 0.0 
0.178 0.465 0.0 0.0 0.917 
0.0 0.201 0.169 0.035 1.0 
1.0 0.0 0.464 0.344 1.0 
0.205 1.0 1.0 0.872 0.0 
0.929 0.665 0.82 1.0 0.773 
1.0 0.0 0.051 0.0 0.446 
1.0 0.689 1.0 1.0 0.0 
0.311 0.0 0.256 0.203 0.421 
0.0 0.4 0.0 0.0 1.0 
1.0 0.0 0.0 0.222 1.0 
0.0 1.0 1.0 1.0 0.0 
0.746 0.629 0.877 0.708 0.932 
1.0 0.0 0.0 0.496 0.321 
0.933 0.754 1.0 0.907 0.0 
0.0 0.006 0.0 0.0 0.746 
0.01 0.477 0.0 0.0 0.61 
0.559 0.0 0.0 0.161 0.612 
0.0 0.733 0.938 1.0 0.0 
1.0 0.88 1.0 1.0 1.0 
0.836 0.0 0.174 0.0 0.081 
0.997 1.0 0.647 1.0 0.0 
0.173 0.609 0.0 0.0 0.573 
0.22 0.0 0.071 0.398 1.0 
1.0 0.0 0.0 0.214 0.91 
0.193 1.0 1.0 1.0 0.0 
