0.0 0.0 0.643 0.706 0.023 
0.765 1.0 0.0 0.369 0.085 
0.775 0.03 0.273 0.027 0.0 
0.828 0.791 0.939 1.0 0.04 
1.0 0.148 0.012 0.0 1.0 
0.834 0.233 0.0 0.068 1.0 
0.056 0.492 0.934 1.0 0.15 
0.311 0.004 1.0 0.683 0.049 
0.22 0.662 0.0 0.0 0.41 
0.329 0.181 0.078 0.127 0.057 
1.0 1.0 1.0 0.401 0.0 
0.728 0.022 0.0 0.205 1.0 
1.0 0.242 0.0 0.026 1.0 
0.0 1.0 0.852 0.903 0.0 
0.0 0.032 0.687 1.0 0.21 
0.0 1.0 0.0 0.0 0.0 
0.718 0.358 0.0 0.434 0.0 
0.815 0.946 0.83 0.525 0.152 
1.0 0.0 0.231 0.0 0.99 
1.0 0.0 0.0 0.346 1.0 
0.0 0.973 1.0 1.0 0.037 
0.0 0.0 1.0 1.0 0.0 
0.074 0.789 0.363 0.122 0.159 
0.989 0.0 0.0 0.0 0.104 
1.0 1.0 1.0 1.0 0.0 
1.0 0.02 0.0 0.406 0.955 
1.0 0.286 0.0 0.0 0.369 
0.202 0.771 0.914 1.0 0.0 
0.1 0.0 1.0 1.0 0.0 
0.0 0.587 0.275 0.0 0.0 
1.0 0.395 0.184 0.0 0.0 
1.0 0.676 0.319 1.0 0.11 
1.0 0.0 0.577 0.068 0.942 
1.0 0.0 0.0 0.727 0.834 
0.382 0.853 1.0 0.999 0.127 
0.01 0.139 1.0 1.0 0.15 
0.434 0.694 0.0 0.0 0.0 
0.771 0.0 0.185 0.0 0.0 
0.944 0.998 0.909 0.425 0.342 
0.642 0.0 0.0 0.0 0.923 
1.0 0.174 0.0 0.054 0.938 
0.0 0.794 0.834 1.0 0.0 
0.24 0.0 0.877 1.0 0.721 
0.0 0.47 0.0 0.0 0.085 
0.791 0.0 0.227 0.31 0.077 
0.794 1.0 0.77 1.0 0.039 
0.842 0.0 0.035 0.434 0.823 
0.775 0.289 0.0 0.0 0.833 
0.318 1.0 0.98 1.0 0.0 
0.0 0.503 0.927 0.689 0.0 
0.0 1.0 0.0 0.074 0.0 
0.769 0.295 0.166 0.262 0.0 
1.0 0.615 1.0 0.755 0.0 
1.0 0.016 0.0 0.0 0.686 
0.901 0.0 0.386 0.191 0.796 
0.0 1.0 1.0 0.971 0.501 
0.166 0.0 1.0 0.976 0.0 
0.0 0.882 0.134 0.566 0.0 
1.0 0.0 0.0 0.152 0.058 
0.926 1.0 0.658 1.0 0.0 
0.839 0.428 0.0 0.0 0.979 
1.0 0.0 0.0 0.0 0.775 
0.108 0.643 1.0 1.0 0.077 
0.0 0.0 1.0 0.85 0.0 
0.0 1.0 0.021 0.0 0.0 
0.904 0.0 0.0 0.0 0.0 
0.838 1.0 1.0 0.668 0.0 
1.0 0.191 0.0 0.0 0.754 
0.844 0.226 0.0 0.0 0.766 
0.004 0.93 1.0 1.0 0.078 
