1.0 1.0 1.0 0.46 1.0 
0.09 0.0 0.0 0.0 0.499 
0.329 0.0 0.0 0.672 0.0 
0.258 0.0 0.625 0.193 0.079 
0.0 1.0 0.15 0.306 0.085 
0.0 0.829 0.178 0.147 0.0 
0.0 0.785 0.0 0.0 0.239 
0.688 0.701 0.557 1.0 1.0 
0.0 0.067 0.305 0.0 1.0 
0.0 0.0 0.413 1.0 0.415 
0.413 0.128 0.924 0.0 0.046 
0.003 1.0 0.0 0.0 0.0 
0.0 1.0 0.164 0.229 0.0 
0.255 0.981 0.15 0.129 0.0 
1.0 0.594 1.0 1.0 0.772 
0.0 0.0 0.0 0.013 0.759 
0.0 0.0 0.0 1.0 0.0 
0.373 0.175 0.745 0.0 0.0 
0.0 1.0 0.296 0.353 0.36 
0.0 0.968 0.0 0.0 0.011 
0.164 1.0 0.0 0.275 0.0 
1.0 1.0 1.0 1.0 0.947 
0.195 0.0 0.0 0.0 1.0 
0.538 0.182 0.091 1.0 0.0 
0.0 0.005 1.0 0.0 0.0 
0.0 1.0 0.0 0.0 0.14 
0.0 0.764 0.339 0.0 0.152 
0.337 1.0 0.188 0.0 0.028 
1.0 1.0 0.9 1.0 0.699 
0.315 0.088 0.0 0.0 1.0 
0.0 0.265 0.0 1.0 0.26 
0.772 0.0 0.612 0.211 0.0 
0.0 0.963 0.272 0.019 0.12 
0.0 0.789 0.087 0.0 0.0 
0.44 0.556 0.0 0.376 0.0 
0.896 1.0 1.0 0.405 0.592 
0.0 0.296 0.173 0.082 0.901 
0.014 0.276 0.178 1.0 0.0 
0.0 0.07 1.0 0.023 0.051 
0.0 0.594 0.591 0.0 0.395 
0.0 0.184 0.0 0.0 0.069 
0.34 1.0 0.063 0.08 0.095 
0.999 1.0 0.592 1.0 1.0 
0.344 0.21 0.0 0.001 0.836 
0.195 0.0 0.0 0.93 0.427 
0.395 0.0 0.932 0.065 0.0 
0.235 0.991 0.063 0.175 0.0 
0.338 0.848 0.062 0.0 0.0 
0.0 1.0 0.0 0.0 0.0 
0.7 1.0 0.637 0.861 1.0 
0.079 0.387 0.237 0.0 0.97 
0.0 0.218 0.072 0.88 0.512 
0.069 0.0 1.0 0.061 0.0 
0.0 1.0 0.087 0.09 0.0 
0.068 1.0 0.296 0.2 0.036 
0.0 1.0 0.0 0.0 0.314 
1.0 0.965 0.977 0.91 0.942 
0.0 0.17 0.415 0.005 1.0 
0.083 0.0 0.439 1.0 0.295 
0.22 0.0 0.751 0.0 0.18 
0.031 1.0 0.0 0.043 0.386 
0.0 1.0 0.0 0.092 0.45 
0.002 0.612 0.184 0.0 0.405 
1.0 1.0 1.0 1.0 1.0 
0.0 0.0 0.377 0.05 0.897 
0.0 0.079 0.0 1.0 0.0 
0.116 0.114 1.0 0.0 0.0 
0.279 0.799 0.0 0.0 0.2 
0.247 1.0 0.154 0.0 0.0 
0.0 1.0 0.0 0.089 0.093 
