0.177 0.807 1.0 0.908 0.0 
1.0 0.0 0.0 0.34 0.829 
0.983 0.289 0.0 0.0 0.989 
0.316 0.663 1.0 1.0 0.009 
0.634 0.258 0.095 0.288 1.0 
1.0 0.0 0.0 0.0 1.0 
0.0 1.0 1.0 0.673 0.0 
0.271 0.846 0.425 1.0 0.0 
1.0 0.04 0.526 0.004 1.0 
1.0 0.183 0.0 0.268 0.863 
0.0 1.0 1.0 1.0 0.0 
0.512 0.0 0.0 0.212 1.0 
0.757 0.269 0.0 0.0 0.68 
0.0 1.0 1.0 0.917 0.0 
0.07 1.0 1.0 0.968 0.18 
0.536 0.0 0.0 0.122 1.0 
1.0 0.454 0.0 0.0 0.939 
0.222 1.0 0.87 0.891 0.282 
1.0 0.0 0.011 0.0 1.0 
1.0 0.471 0.0 0.0 1.0 
0.0 0.945 1.0 0.967 0.429 
0.187 1.0 0.556 0.799 0.0 
0.825 0.198 0.0 0.169 0.651 
1.0 0.0 0.234 0.0 0.521 
0.0 0.921 0.536 1.0 0.292 
1.0 0.165 0.036 0.0 1.0 
1.0 0.371 0.143 0.0 1.0 
0.051 1.0 0.683 0.675 0.0 
0.0 1.0 1.0 1.0 0.0 
0.93 0.104 0.06 0.0 1.0 
1.0 0.456 0.0 0.082 0.878 
0.0 1.0 1.0 0.759 0.0 
0.563 0.337 0.0 0.0 0.894 
0.941 0.0 0.0 0.0 0.703 
0.0 0.976 0.902 0.888 0.0 
0.0 1.0 0.914 0.975 0.161 
1.0 0.02 0.0 0.0 1.0 
1.0 0.0 0.0 0.0 0.957 
0.0 1.0 0.905 1.0 0.0 
1.0 0.162 0.0 0.274 1.0 
1.0 0.0 0.073 0.0 1.0 
0.122 1.0 1.0 1.0 0.0 
0.214 1.0 1.0 0.389 0.0 
1.0 0.0 0.0 0.267 1.0 
0.902 0.0 0.0 0.11 0.695 
0.0 0.944 1.0 1.0 0.0 
0.805 0.068 0.309 0.0 1.0 
1.0 0.0 0.0 0.0 0.866 
0.211 1.0 1.0 1.0 0.0 
0.0 1.0 1.0 1.0 0.099 
1.0 0.0 0.0 0.0 1.0 
0.919 0.0 0.0 0.0 1.0 
0.046 0.907 0.984 0.664 0.142 
0.912 0.0 0.0 0.0 1.0 
0.335 0.035 0.0 0.304 1.0 
0.047 0.865 0.495 1.0 0.0 
0.363 1.0 1.0 1.0 0.001 
0.657 0.0 0.0 0.296 0.725 
1.0 0.224 0.0 0.0 0.586 
0.0 0.779 1.0 0.659 0.237 
0.514 0.0 0.647 0.306 0.8 
1.0 0.0 0.001 0.0 1.0 
0.0 0.778 0.9 0.524 0.0 
0.0 1.0 0.993 0.875 0.0 
1.0 0.406 0.0 0.0 0.833 
1.0 0.0 0.0 0.16 0.775 
0.02 1.0 0.871 0.824 0.533 
0.57 0.128 0.0 0.02 0.955 
1.0 0.0 0.0 0.0 1.0 
0.0 1.0 1.0 0.92 0.0 
