0.193 1.0 0.46 0.812 0.0 
0.773 0.0 0.0 0.0 0.935 
0.744 0.048 0.0 0.032 1.0 
0.002 1.0 0.976 1.0 1.0 
0.0 0.0 0.0 0.0 1.0 
0.021 0.0 0.017 1.0 0.0 
0.0 1.0 1.0 0.0 0.267 
0.373 1.0 0.929 1.0 0.009 
0.944 0.0 0.537 0.474 1.0 
1.0 0.015 0.058 0.432 1.0 
0.171 0.941 1.0 0.864 0.777 
0.0 0.335 0.0 0.0 0.942 
0.204 0.044 0.0 1.0 0.096 
0.0 1.0 1.0 0.0 0.016 
0.363 0.576 1.0 1.0 0.0 
0.852 0.011 0.0 0.0 1.0 
0.793 0.0 0.357 0.194 1.0 
0.0 1.0 1.0 1.0 1.0 
0.081 0.0 0.162 0.075 1.0 
0.0 0.0 0.206 1.0 0.092 
0.0 1.0 1.0 0.0 0.0 
0.0 0.805 0.985 1.0 0.404 
1.0 0.057 0.406 0.0 1.0 
1.0 0.0 0.628 0.282 1.0 
0.021 0.722 0.639 0.981 0.73 
0.0 0.0 0.0 0.14 0.824 
0.0 0.0 0.0 0.962 0.0 
0.0 1.0 1.0 0.0 0.291 
0.205 0.961 0.92 1.0 0.081 
0.841 0.193 0.023 0.0 1.0 
1.0 0.157 0.0 0.0 1.0 
0.0 1.0 1.0 0.958 1.0 
0.402 0.0 0.005 0.0 0.915 
0.385 0.0 0.079 0.885 0.0 
0.0 0.951 1.0 0.211 0.0 
0.224 1.0 1.0 0.69 0.117 
0.704 0.115 0.0 0.0 1.0 
1.0 0.0 0.004 0.0 1.0 
0.103 1.0 0.906 0.731 1.0 
0.05 0.0 0.0 0.021 1.0 
0.078 0.0 0.082 0.728 0.034 
0.184 1.0 1.0 0.0 0.0 
0.0 1.0 1.0 1.0 0.011 
1.0 0.0 0.305 0.555 1.0 
1.0 0.26 0.0 0.0 1.0 
0.0 0.885 0.448 1.0 1.0 
0.123 0.168 0.0 0.0 1.0 
0.0 0.022 0.059 0.353 0.0 
0.0 0.797 1.0 0.198 0.246 
0.015 0.992 1.0 1.0 0.116 
0.874 0.0 0.356 0.0 1.0 
1.0 0.066 0.0 0.0 1.0 
0.0 0.677 1.0 1.0 0.686 
0.181 0.0 0.0 0.0 1.0 
0.0 0.0 0.05 1.0 0.119 
0.15 1.0 0.871 0.003 0.0 
0.0 0.606 1.0 0.768 0.0 
1.0 0.224 0.0 0.0 1.0 
1.0 0.0 0.387 0.0 1.0 
0.013 1.0 1.0 0.844 0.883 
0.06 0.0 0.156 0.49 1.0 
0.0 0.0 0.165 0.724 0.0 
0.036 1.0 0.848 0.0 0.0 
0.0 1.0 0.586 1.0 0.0 
0.845 0.074 0.0 0.27 1.0 
0.77 0.0 0.0 0.578 0.548 
0.005 0.951 0.702 0.976 0.865 
0.0 0.161 0.014 0.334 1.0 
0.168 0.171 0.01 0.804 0.0 
0.0 1.0 0.769 0.204 0.0 
