backtick 0.0 0.0 1.0 0.0 0.0 0.0 0.0 1.0 0.0 0.0 0.0 0.0 0.0 1.0 0.0 0.0 0.0 0.0 0.0 0.0 0.0 0.0 0.0 0.0 0.0 0.0 0.0 0.0 0.0 0.0 0.0 0.0 0.0 0.0 0.0
a 0.0 0.0 0.0 0.0 0.0 0.0 1.0 1.0 1.0 0.0 0.0 0.0 0.0 0.0 1.0 0.0 1.0 1.0 0.0 1.0 1.0 0.0 0.0 1.0 1.0 1.0 0.0 0.0 1.0 1.0 0.0 1.0 1.0 0.0 1.0
b 1.0 0.0 0.0 0.0 0.0 1.0 0.0 0.0 0.0 0.0 1.0 0.0 0.0 0.0 0.0 1.0 1.0 1.0 0.0 0.0 1.0 0.0 0.0 1.0 0.0 1.0 0.0 0.0 1.0 0.0 1.0 1.0 1.0 0.0 0.0
c 0.0 0.0 0.0 0.0 0.0 0.0 0.0 0.0 0.0 0.0 0.0 0.0 0.0 0.0 0.0 0.0 1.0 1.0 1.0 0.0 1.0 0.0 0.0 0.0 0.0 1.0 0.0 0.0 0.0 0.0 0.0 1.0 1.0 1.0 0.0
d 0.0 0.0 0.0 0.0 1.0 0.0 0.0 0.0 0.0 1.0 0.0 0.0 0.0 0.0 1.0 0.0 0.0 1.0 1.0 1.0 0.0 1.0 0.0 0.0 1.0 0.0 1.0 0.0 0.0 1.0 0.0 0.0 1.0 1.0 1.0
e 0.0 0.0 0.0 0.0 0.0 0.0 0.0 0.0 0.0 0.0 0.0 1.0 1.0 1.0 0.0 1.0 0.0 0.0 0.0 1.0 1.0 1.0 1.0 1.0 1.0 1.0 0.0 0.0 0.0 0.0 0.0 1.0 1.0 1.0 1.0
f 0.0 0.0 1.0 1.0 0.0 0.0 1.0 0.0 0.0 1.0 0.0 1.0 0.0 0.0 0.0 1.0 1.0 1.0 0.0 0.0 0.0 1.0 0.0 0.0 0.0 0.0 1.0 0.0 0.0 0.0 0.0 1.0 0.0 0.0 0.0
g 0.0 1.0 1.0 1.0 0.0 1.0 0.0 0.0 0.0 1.0 1.0 0.0 0.0 1.0 1.0 0.0 1.0 1.0 0.0 1.0 0.0 0.0 0.0 0.0 1.0 0.0 0.0 0.0 0.0 1.0 0.0 1.0 1.0 1.0 0.0
h 1.0 0.0 0.0 0.0 0.0 1.0 0.0 0.0 0.0 0.0 1.0 0.0 0.0 0.0 0.0 1.0 0.0 1.0 1.0 0.0 1.0 1.0 0.0 0.0 1.0 1.0 0.0 0.0 0.0 1.0 1.0 0.0 0.0 0.0 1.0
i 0.0 0.0 0.0 0.0 0.0 0.0 0.0 1.0 0.0 0.0 0.0 0.0 0.0 0.0 0.0 0.0 1.0 1.0 0.0 0.0 0.0 0.0 1.0 0.0 0.0 0.0 0.0 1.0 0.0 0.0 0.0 1.0 1.0 1.0 0.0
j 0.0 0.0 0.0 1.0 0.0 0.0 0.0 0.0 0.0 0.0 0.0 0.0 1.0 1.0 0.0 0.0 0.0 0.0 1.0 0.0 0.0 0.0 0.0 1.0 0.0 1.0 0.0 0.0 1.0 0.0 0.0 1.0 1.0 0.0 0.0
k 1.0 0.0 0.0 0.0 0.0 1.0 0.0 0.0 0.0 0.0 1.0 0.0 0.0 1.0 0.0 1.0 0.0 1.0 0.0 0.0 1.0 1.0 0.0 0.0 0.0 1.0 0.0 1.0 0.0 0.0 1.0 0.0 0.0 1.0 0.0
l 0.0 1.0 1.0 0.0 0.0 0.0 0.0 1.0 0.0 0.0 0.0 0.0 1.0 0.0 0.0 0.0 0.0 1.0 0.0 0.0 0.0 0.0 1.0 0.0 0.0 0.0 0.0 1.0 0.0 0.0 0.0 0.0 1.0 0.0 0.0
m 0.0 0.0 0.0 0.0 0.0 0.0 0.0 0.0 0.0 0.0 0.0 1.0 0.0 1.0 0.0 1.0 0.0 1.0 0.0 1.0 1.0 0.0 1.0 0.0 1.0 1.0 0.0 0.0 0.0 1.0 1.0 0.0 0.0 0.0 1.0
n 0.0 0.0 0.0 0.0 0.0 0.0 0.0 0.0 0.0 0.0 1.0 0.0 1.0 1.0 0.0 1.0 1.0 0.0 0.0 1.0 1.0 0.0 0.0 0.0 1.0 1.0 0.0 0.0 0.0 1.0 1.0 0.0 0.0 0.0 1.0
o 0.0 0.0 0.0 0.0 0.0 0.0 0.0 0.0 0.0 0.0 0.0 1.0 1.0 1.0 0.0 1.0 0.0 0.0 0.0 1.0 1.0 0.0 0.0 0.0 1.0 1.0 0.0 0.0 0.0 1.0 0.0 1.0 1.0 1.0 0.0
p 0.0 0.0 0.0 0.0 0.0 1.0 1.0 1.0 0.0 0.0 1.0 0.0 0.0 1.0 0.0 1.0 0.0 0.0 1.0 0.0 1.0 1.0 1.0 0.0 0.0 1.0 0.0 0.0 0.0 0.0 1.0 0.0 0.0 0.0 0.0
q 0.0 0.0 0.0 0.0 0.0 0.0 0.0 1.0 1.0 1.0 0.0 1.0 0.0 0.0 1.0 0.0 1.0 0.0 0.0 1.0 0.0 0.0 1.0 1.0 1.0 0.0 0.0 0.0 0.0 1.0 0.0 0.0 0.0 0.0 1.0
r 0.0 0.0 0.0 0.0 0.0 0.0 0.0 0.0 0.0 0.0 1.0 0.0 1.0 1.0 0.0 1.0 1.0 0.0 0.0 1.0 1.0 0.0 0.0 0.0 0.0 1.0 0.0 0.0 0.0 0.0 1.0 0.0 0.0 0.0 0.0
s 0.0 0.0 0.0 0.0 0.0 0.0 0.0 0.0 0.0 0.0 0.0 1.0 1.0 1.0 1.0 1.0 0.0 0.0 0.0 0.0 0.0 1.0 1.0 1.0 0.0 0.0 0.0 0.0 0.0 1.0 1.0 1.0 1.0 1.0 0.0
t 0.0 1.0 0.0 0.0 0.0 0.0 1.0 0.0 0.0 0.0 1.0 1.0 1.0 0.0 0.0 0.0 1.0 0.0 0.0 0.0 0.0 1.0 0.0 0.0 0.0 0.0 1.0 0.0 0.0 1.0 0.0 0.0 1.0 1.0 0.0
u 0.0 0.0 0.0 0.0 0.0 0.0 0.0 0.0 0.0 0.0 1.0 0.0 0.0 0.0 1.0 1.0 0.0 0.0 0.0 1.0 1.0 0.0 0.0 0.0 1.0 1.0 0.0 0.0 1.0 1.0 0.0 1.0 1.0 0.0 1.0
v 0.0 0.0 0.0 0.0 0.0 0.0 0.0 0.0 0.0 0.0 1.0 0.0 0.0 0.0 1.0 1.0 0.0 0.0 0.0 1.0 1.0 0.0 0.0 0.0 1.0 0.0 1.0 0.0 1.0 0.0 0.0 0.0 1.0 0.0 0.0
w 0.0 0.0 0.0 0.0 0.0 0.0 0.0 0.0 0.0 0.0 1.0 0.0 0.0 0.0 1.0 1.0 0.0 0.0 0.0 1.0 1.0 0.0 1.0 0.0 1.0 1.0 0.0 1.0 0.0 1.0 0.0 1.0 0.0 1.0 0.0
x 0.0 0.0 0.0 0.0 0.0 0.0 0.0 0.0 0.0 0.0 1.0 0.0 0.0 0.0 1.0 0.0 1.0 0.0 1.0 0.0 0.0 0.0 1.0 0.0 0.0 0.0 1.0 0.0 1.0 0.0 1.0 0.0 0.0 0.0 1.0
y 0.0 0.0 0.0 0.0 0.0 1.0 0.0 0.0 0.0 1.0 1.0 0.0 0.0 0.0 1.0 0.0 1.0 1.0 1.0 1.0 0.0 0.0 0.0 0.0 1.0 1.0 0.0 0.0 0.0 1.0 0.0 1.0 1.0 1.0 0.0
z 0.0 0.0 0.0 0.0 0.0 0.0 0.0 0.0 0.0 0.0 1.0 1.0 1.0 1.0 1.0 0.0 0.0 0.0 1.0 0.0 0.0 0.0 1.0 0.0 0.0 0.0 1.0 0.0 0.0 0.0 1.0 1.0 1.0 1.0 1.0
{ 0.0 0.0 1.0 1.0 0.0 0.0 1.0 0.0 0.0 0.0 0.0 1.0 0.0 0.0 0.0 1.0 0.0 0.0 0.0 0.0 0.0 1.0 0.0 0.0 0.0 0.0 1.0 0.0 0.0 0.0 0.0 0.0 1.0 1.0 0.0
pipe 0.0 0.0 1.0 0.0 0.0 0.0 0.0 1.0 0.0 0.0 0.0 0.0 1.0 0.0 0.0 0.0 0.0 0.0 0.0 0.0 0.0 0.0 1.0 0.0 0.0 0.0 0.0 1.0 0.0 0.0 0.0 0.0 1.0 0.0 0.0
} 0.0 1.0 1.0 0.0 0.0 0.0 0.0 0.0 1.0 0.0 0.0 0.0 0.0 1.0 0.0 0.0 0.0 0.0 0.0 1.0 0.0 0.0 0.0 1.0 0.0 0.0 0.0 0.0 1.0 0.0 0.0 1.0 1.0 0.0 0.0
tilde 0.0 1.0 0.0 0.0 0.0 1.0 0.0 1.0 0.0 1.0 0.0 0.0 0.0 1.0 0.0 0.0 0.0 0.0 0.0 0.0 0.0 0.0 0.0 0.0 0.0 0.0 0.0 0.0 0.0 0.0 0.0 0.0 0.0 0.0 0.0
DEL 1.0 1.0 1.0 1.0 1.0 1.0 1.0 1.0 1.0 1.0 1.0 1.0 1.0 1.0 1.0 1.0 1.0 1.0 1.0 1.0 1.0 1.0 1.0 1.0 1.0 1.0 1.0 1.0 1.0 1.0 1.0 1.0 1.0 1.0 1.0
backtick 1.0 0.0 0.0 0.0 1.0 0.0 0.0 1.0 1.0 0.569 0.0 0.0 1.0 0.0 1.0 0.0 1.0 1.0 1.0 0.0 1.0 1.0 1.0 1.0 0.0 0.0 0.0 0.0 1.0 1.0 0.0 0.0 1.0 0.0 1.0
a 1.0 0.0 0.0 0.0 1.0 1.0 1.0 1.0 0.0 1.0 1.0 1.0 1.0 0.0 1.0 1.0 1.0 0.0 1.0 1.0 1.0 0.0 0.0 1.0 0.0 0.0 0.0 0.0 0.0 0.0 1.0 1.0 0.0 0.0 0.0
b 0.0 1.0 0.0 0.0 1.0 1.0 0.0 0.0 0.0 1.0 1.0 0.0 0.0 1.0 0.0 1.0 1.0 1.0 0.0 1.0 1.0 0.063 1.0 0.0 1.0 0.0 1.0 0.0 0.0 0.0 1.0 0.0 1.0 1.0 1.0
c 0.0 1.0 1.0 1.0 1.0 0.0 0.0 0.0 1.0 0.0 0.0 0.0 0.0 0.0 1.0 0.0 1.0 1.0 1.0 1.0 0.0 0.0 0.0 1.0 0.0 0.981 0.0 0.0 0.0 1.0 1.0 0.0 1.0 0.0 1.0
d 0.0 0.0 1.0 0.0 1.0 0.0 0.0 1.0 0.0 0.0 1.0 0.0 0.0 1.0 1.0 0.0 1.0 0.0 1.0 0.0 1.0 1.0 1.0 1.0 0.0 1.0 0.0 0.0 1.0 1.0 1.0 0.0 1.0 0.0 1.0
e 1.0 0.0 1.0 0.0 1.0 1.0 1.0 1.0 0.0 0.0 0.0 0.0 1.0 1.0 1.0 0.0 1.0 1.0 0.0 1.0 1.0 0.0 1.0 1.0 1.0 0.0 1.0 1.0 1.0 1.0 1.0 0.0 1.0 0.0 0.0
f 0.682 0.0 0.0 1.0 0.0 0.0 0.0 1.0 0.0 0.0 0.0 1.0 0.0 0.0 1.0 0.0 0.0 1.0 1.0 0.0 1.0 0.0 0.0 1.0 1.0 0.0 0.986 1.0 0.0 0.0 0.0 1.0 0.0 1.0 0.0
g 0.0 0.46 0.0 1.0 1.0 0.0 0.0 1.0 0.0 0.0 0.0 1.0 1.0 1.0 0.0 0.0 1.0 1.0 1.0 1.0 0.0 1.0 0.0 0.0 1.0 0.0 1.0 1.0 1.0 1.0 1.0 1.0 1.0 0.0 1.0
h 1.0 1.0 1.0 0.0 0.0 1.0 1.0 1.0 1.0 1.0 0.0 0.0 0.0 1.0 1.0 0.251 1.0 0.0 0.0 0.0 0.0 1.0 1.0 1.0 0.0 0.0 0.0 0.0 1.0 0.0 0.0 1.0 0.0 0.0 0.0
i 0.0 1.0 0.0 1.0 0.0 1.0 1.0 0.0 0.0 1.0 1.0 1.0 1.0 1.0 1.0 0.0 0.0 1.0 0.0 0.801 1.0 1.0 1.0 1.0 0.0 1.0 0.0 1.0 0.42 0.0 1.0 0.324 0.0 1.0 0.0
j 0.0 1.0 1.0 1.0 0.0 1.0 1.0 1.0 0.0 1.0 1.0 1.0 0.0 1.0 1.0 0.0 1.0 0.0 0.0 1.0 0.0 1.0 1.0 0.0 0.0 0.742 0.0 0.0 1.0 0.0 0.0 1.0 0.0 0.0 0.0
k 0.0 1.0 0.0 1.0 0.0 1.0 0.0 0.0 0.0 0.0 0.0 1.0 0.0 0.0 0.0 1.0 1.0 1.0 1.0 1.0 1.0 0.0 0.0 1.0 0.0 1.0 0.0 0.0 1.0 0.0 0.0 0.0 0.137 1.0 1.0
l 0.843 1.0 1.0 0.0 1.0 0.0 0.0 0.0 0.0 0.0 0.0 1.0 1.0 1.0 1.0 0.422 1.0 1.0 0.0 0.0 0.0 1.0 0.0 1.0 0.0 1.0 1.0 1.0 0.0 0.0 1.0 0.0 0.0 0.0 0.0
m 1.0 1.0 1.0 1.0 0.0 1.0 0.0 1.0 1.0 0.0 1.0 0.0 0.0 0.0 1.0 1.0 1.0 1.0 0.0 0.0 0.0 1.0 1.0 0.0 1.0 1.0 1.0 0.0 0.0 0.0 0.745 1.0 0.0 1.0 1.0
n 1.0 1.0 1.0 1.0 1.0 1.0 0.0 1.0 0.0 0.0 1.0 1.0 0.0 0.0 1.0 0.0 1.0 0.0 1.0 0.0 0.0 1.0 1.0 1.0 0.0 1.0 0.0 1.0 1.0 1.0 1.0 1.0 1.0 0.0 1.0
o 0.0 1.0 1.0 0.0 1.0 0.0 1.0 0.0 1.0 0.0 1.0 0.0 0.0 0.0 0.0 0.0 1.0 1.0 0.0 1.0 1.0 0.0 0.0 0.0 1.0 0.0 1.0 1.0 0.0 0.0 1.0 1.0 1.0 1.0 1.0
p 1.0 0.0 0.0 0.0 1.0 1.0 1.0 0.0 1.0 0.0 0.0 0.0 1.0 1.0 1.0 1.0 1.0 0.0 0.0 1.0 0.0 0.0 1.0 1.0 0.0 0.0 1.0 0.0 1.0 0.0 1.0 0.333 0.0 1.0 1.0
q 1.0 1.0 0.0 0.0 1.0 0.0 0.0 0.0 1.0 0.0 0.0 0.0 0.0 0.0 1.0 0.0 0.0 0.0 0.0 1.0 1.0 1.0 1.0 0.0 1.0 0.0 1.0 1.0 0.0 0.0 0.0 1.0 1.0 0.0 0.0
r 1.0 0.0 0.0 1.0 1.0 1.0 1.0 0.0 0.0 1.0 0.0 0.0 0.0 1.0 0.0 1.0 1.0 1.0 0.0 1.0 1.0 0.0 1.0 0.0 0.0 0.0 1.0 0.0 0.0 0.0 1.0 0.0 0.0 1.0 1.0
s 0.0 0.0 1.0 0.0 1.0 1.0 0.0 1.0 1.0 1.0 0.0 0.0 0.0 1.0 1.0 0.0 0.0 0.0 0.0 1.0 1.0 0.0 0.0 0.0 1.0 0.0 0.0 1.0 1.0 1.0 0.0 1.0 0.0 0.0 1.0
t 0.0 1.0 0.0 1.0 0.0 0.0 0.0 1.0 1.0 0.0 1.0 0.0 0.0 0.0 1.0 1.0 0.0 0.0 1.0 1.0 0.0 0.0 1.0 1.0 0.0 1.0 1.0 0.0 1.0 1.0 1.0 1.0 1.0 0.0 1.0
u 0.0 0.0 1.0 0.0 1.0 0.0 0.0 0.0 1.0 1.0 1.0 0.0 0.0 0.0 0.0 0.0 0.0 1.0 1.0 0.0 1.0 1.0 0.0 0.0 1.0 1.0 1.0 0.0 1.0 0.0 1.0 1.0 0.0 0.0 1.0
v 0.0 1.0 0.0 0.778 1.0 0.0 0.0 0.0 0.0 0.0 1.0 1.0 1.0 1.0 0.0 0.0 1.0 1.0 1.0 0.0 1.0 0.838 0.0 0.0 0.0 1.0 0.0 1.0 0.0 1.0 1.0 1.0 0.0 1.0 0.0
w 1.0 0.0 1.0 1.0 0.0 0.0 0.0 1.0 1.0 1.0 0.0 0.0 1.0 1.0 0.0 1.0 0.0 0.0 1.0 0.0 0.0 0.0 0.0 0.323 0.744 0.0 0.0 1.0 1.0 0.0 1.0 1.0 0.0 1.0 0.0
x 0.0 0.0 1.0 1.0 1.0 0.0 1.0 0.0 1.0 0.0 0.0 1.0 0.0 0.0 1.0 1.0 1.0 0.0 1.0 1.0 0.0 1.0 0.0 1.0 0.0 1.0 1.0 1.0 0.624 0.0 1.0 0.0 1.0 0.0 1.0
y 1.0 0.0 1.0 0.0 0.0 1.0 0.0 1.0 1.0 0.0 1.0 1.0 1.0 0.0 1.0 0.0 1.0 0.0 0.0 0.0 0.0 0.0 0.0 1.0 0.0 0.0 0.0 1.0 1.0 0.0 0.0 0.0 0.0 0.0 0.0
z 0.0 1.0 1.0 0.0 0.0 0.0 0.0 1.0 0.0 0.0 1.0 1.0 1.0 0.0 1.0 1.0 0.0 0.0 1.0 0.0 1.0 0.0 1.0 1.0 1.0 0.0 1.0 0.0 1.0 1.0 0.0 0.0 1.0 1.0 1.0
{ 0.0 1.0 1.0 0.0 1.0 1.0 0.0 1.0 0.0 1.0 0.064 0.0 0.0 1.0 0.0 0.0 1.0 0.0 1.0 0.0 0.0 0.0 0.0 0.0 0.0 1.0 0.0 1.0 1.0 0.0 0.0 1.0 1.0 0.0 1.0
pipe 0.0 0.0 1.0 0.223 0.0 1.0 1.0 0.0 0.0 1.0 0.0 1.0 0.0 0.0 1.0 0.0 0.932 1.0 1.0 0.0 0.0 1.0 1.0 0.0 1.0 0.0 1.0 0.0 1.0 0.0 0.0 1.0 0.0 1.0 1.0
} 1.0 1.0 0.0 1.0 1.0 0.0 0.0 0.0 1.0 1.0 0.0 1.0 0.0 0.0 1.0 1.0 0.0 0.0 1.0 0.0 0.0 1.0 1.0 0.0 1.0 0.0 1.0 1.0 0.389 1.0 1.0 1.0 1.0 1.0 1.0
tilde 1.0 0.0 1.0 0.0 0.0 1.0 1.0 0.0 1.0 1.0 0.0 1.0 0.0 1.0 1.0 1.0 0.0 1.0 1.0 1.0 1.0 1.0 0.0 0.0 0.0 1.0 1.0 1.0 0.0 1.0 1.0 0.0 1.0 0.0 0.0
DEL 0.0 0.0 1.0 0.0 0.0 0.0 1.0 0.0 0.0 1.0 0.0 0.0 0.0 0.0 1.0 1.0 1.0 1.0 1.0 1.0 1.0 0.0 0.0 0.0 0.0 0.0 0.0 0.0 0.0 0.0 0.0 0.0 1.0 0.0 1.0
backtick 0.0 0.0 1.0 0.0 0.0 0.5 0.021 1.0 0.268 0.0 0.108 0.0 0.276 1.0 0.203 0.0 0.179 0.0 0.0 0.0 0.0 0.0 0.0 0.026 0.282 0.28 0.0 0.116 0.006 0.159 0.0 0.013 0.0 0.028 0.0
a 0.0 0.0 0.002 0.095 0.0 0.259 1.0 1.0 1.0 0.0 0.279 0.14 0.065 0.0 0.783 0.0 0.288 1.0 0.558 0.788 1.0 0.0 0.264 1.0 0.763 0.835 0.006 0.208 1.0 0.793 0.0 1.0 1.0 0.175 0.687
b 1.0 0.0 0.066 0.0 0.264 0.706 0.0 0.125 0.002 0.046 1.0 0.687 0.471 0.167 0.152 0.774 1.0 0.388 0.531 0.38 1.0 0.137 0.244 1.0 0.222 0.603 0.143 0.1 1.0 0.0 0.695 1.0 0.875 0.324 0.0
c 0.243 0.0 0.141 0.0 0.147 0.0 0.497 0.0 0.112 0.0 0.0 0.179 0.043 0.143 0.537 0.0 1.0 1.0 1.0 0.0 1.0 0.045 0.0 0.318 0.0 0.502 0.0 0.398 0.141 0.336 0.0 1.0 0.497 1.0 0.113
d 0.0 0.0 0.198 0.0 0.672 0.0 0.0 0.126 0.412 0.446 0.0 0.06 0.461 0.447 0.677 0.0 0.427 1.0 0.788 1.0 0.172 1.0 0.533 0.751 1.0 0.0 1.0 0.0 0.448 0.585 0.0 0.0 0.397 0.922 1.0
e 0.312 0.649 0.071 0.0 0.0 0.0 0.425 0.0 0.138 0.0 0.0 1.0 0.516 0.837 0.052 1.0 0.0 0.0 0.59 0.863 0.796 1.0 0.942 1.0 1.0 0.941 0.177 0.372 0.019 0.0 0.0 0.725 0.969 0.833 1.0
f 0.047 0.589 1.0 1.0 0.0 0.0 1.0 0.197 0.414 0.807 0.597 0.156 0.0 0.0 0.088 0.861 1.0 1.0 0.0 0.0 0.409 0.751 0.145 0.114 0.0 0.0 1.0 0.0 0.0 0.071 0.0 0.893 0.505 0.041 0.106
g 0.0 1.0 0.747 1.0 0.0 0.432 0.314 0.057 0.0 1.0 1.0 0.0 0.0 1.0 1.0 0.0 0.85 0.934 0.055 1.0 0.347 0.0 0.172 0.0 0.729 0.0 0.013 0.156 0.346 0.559 0.001 0.943 0.852 1.0 0.0
h 1.0 0.17 0.114 0.067 0.0 0.968 0.0 0.186 0.0 0.0 0.742 0.0 0.0 0.525 0.0 0.64 0.233 1.0 0.778 0.0 1.0 0.818 0.299 0.0 0.966 0.853 0.0 0.0 0.0 1.0 1.0 0.2 0.0 0.02 0.566
i 0.025 0.0 0.0 0.0 0.0 0.015 0.0 0.534 0.085 0.325 0.153 0.798 0.016 0.065 0.0 0.0 0.626 1.0 0.001 0.33 0.0 0.0 0.708 0.976 0.0 0.439 0.0 1.0 0.16 0.0 0.443 1.0 0.99 1.0 0.191
j 0.0 0.037 0.0 0.494 0.0 0.008 0.0 0.0 0.0 0.136 0.301 0.308 0.867 0.626 0.011 0.0 0.0 0.0 0.838 0.221 0.0 0.0 0.0 0.978 0.205 1.0 0.0 0.0 1.0 0.35 0.21 1.0 1.0 0.0 0.087
k 1.0 0.252 0.25 0.152 0.121 1.0 0.0 0.274 0.102 0.082 0.973 0.0 0.038 0.0 0.381 1.0 0.0 0.964 0.0 0.0 1.0 0.44 0.0 0.0 0.0 0.965 0.057 1.0 0.0 0.066 1.0 0.0 0.0 0.735 0.0
l 0.045 1.0 0.988 0.471 0.0 0.0 0.268 0.889 0.18 0.0 0.331 0.0 1.0 0.0 0.275 0.0 0.101 0.807 0.0 0.0 0.343 0.0 1.0 0.0 0.0 0.0 0.0 1.0 0.0 0.0 0.255 0.116 1.0 0.622 0.288
m 0.013 0.148 0.381 0.127 0.0 0.419 0.104 0.0 0.0 0.102 0.0 1.0 0.422 0.715 0.034 1.0 0.0 0.818 0.344 1.0 0.993 0.0 1.0 0.071 1.0 1.0 0.039 0.285 0.0 0.812 0.548 0.0 0.0 0.384 0.964
n 0.078 0.0 0.256 0.0 0.0 0.554 0.123 0.0 0.016 0.168 0.637 0.242 1.0 1.0 0.091 1.0 1.0 0.0 0.14 0.532 1.0 0.15 0.214 0.0 0.978 1.0 0.0 0.004 0.132 1.0 1.0 0.159 0.134 0.425 1.0
o 0.0 0.0 0.606 0.0 0.247 0.212 0.0 0.206 0.175 0.0 0.0 1.0 0.961 0.861 0.0 0.407 0.0 0.023 0.0 0.562 1.0 0.0 0.0 0.346 0.969 1.0 0.0 0.0 0.065 0.964 0.178 0.199 0.722 0.598 0.424
p 0.251 0.25 0.219 0.0 0.115 1.0 0.863 0.977 0.181 0.0 1.0 0.386 0.192 1.0 0.076 1.0 0.261 0.0 1.0 0.123 1.0 1.0 0.798 0.0 0.256 0.273 0.0 0.0 0.068 0.071 1.0 0.0 0.079 0.0 0.0
q 0.0 0.168 0.05 0.0 0.0 0.0 0.0 1.0 1.0 0.79 0.252 0.692 0.0 0.028 1.0 0.0 0.653 0.378 0.0 0.511 0.137 0.026 1.0 0.264 1.0 0.0 0.143 0.0 0.061 1.0 0.018 0.577 0.0 0.122 0.852
r 0.221 0.226 0.0 0.384 0.0 0.163 0.0 0.0 0.089 0.141 0.513 0.0 1.0 0.892 0.0 1.0 1.0 0.176 0.067 1.0 0.712 0.147 0.05 0.0 0.0 1.0 0.536 0.0 0.012 0.0 0.945 0.0 0.0 0.424 0.095
s 0.244 0.0 0.0 0.191 0.0 0.006 0.159 0.656 0.248 0.436 0.0 1.0 1.0 0.887 0.795 0.85 0.0 0.705 0.0 0.344 0.037 0.439 0.886 0.894 0.073 0.0 0.0 0.225 0.54 0.854 0.4 1.0 0.674 0.843 0.662
t 0.0 1.0 0.0 0.0 0.2 0.187 1.0 0.116 0.0 0.0 1.0 0.62 1.0 0.591 0.0 0.0 1.0 0.0 0.531 0.0 0.521 0.331 0.153 0.0 0.098 0.121 0.967 0.188 0.291 0.615 0.325 0.286 0.866 1.0 0.0
u 0.0 0.0 0.0 0.085 0.0 0.0 0.0 0.31 0.0 0.0 0.985 0.0 0.17 0.132 1.0 1.0 0.096 0.0 0.235 1.0 1.0 0.278 0.0 0.086 0.878 1.0 0.542 0.0 0.736 1.0 0.192 0.49 1.0 0.0 1.0
v 0.333 0.444 0.0 0.0 0.502 0.0 0.0 0.017 0.0 0.0 1.0 0.067 0.204 0.0 1.0 0.402 0.0 0.407 0.039 0.977 0.709 0.0 0.0 0.14 1.0 0.406 0.611 0.083 0.466 0.119 0.0 0.0 1.0 0.0 0.0
w 0.042 0.126 0.0 0.169 0.398 0.0 0.057 0.148 0.0 0.0 0.924 0.0 0.046 0.03 0.522 0.515 0.0 0.0 0.0 0.68 1.0 0.0 0.304 0.147 0.656 0.523 0.0 1.0 0.361 0.466 0.469 1.0 0.133 0.805 0.539
x 0.0 0.049 0.0 0.0 0.0 0.045 0.0 0.183 0.0 0.0 0.895 0.0 0.163 0.0 0.823 0.246 1.0 0.0 0.691 0.0 0.0 0.073 1.0 0.0 0.128 0.611 1.0 0.147 1.0 0.0 1.0 0.389 0.257 0.0 1.0
y 0.261 0.0 0.14 0.0 0.24 1.0 0.004 0.123 0.188 0.86 0.771 0.387 0.622 0.486 0.431 0.092 1.0 0.961 1.0 1.0 0.325 0.207 0.0 0.002 1.0 1.0 0.0 0.21 0.0 1.0 0.0 0.471 0.829 0.903 0.282
z 0.0 0.401 0.366 0.0 0.0 0.0 0.152 0.137 0.0 0.0 1.0 1.0 0.385 0.532 0.971 0.149 0.096 0.0 1.0 0.0 0.515 0.562 0.88 0.153 0.0 0.0 1.0 0.054 0.095 0.026 1.0 1.0 0.907 0.625 1.0
{ 0.12 0.0 0.686 0.509 0.0 0.0 0.834 0.098 0.0 0.173 0.0 1.0 0.0 0.0 0.0 1.0 0.0 0.195 0.0 0.0 0.0 0.886 0.0 0.015 0.344 0.0 0.715 0.29 0.089 0.0 0.575 0.0 0.949 1.0 0.096
pipe 0.234 0.0 0.782 0.0 0.0 0.381 0.187 1.0 0.137 0.104 0.0 0.0 0.728 0.163 0.415 0.05 0.441 0.407 0.0 0.175 0.0 0.0 1.0 0.116 0.0 0.0 0.233 0.933 0.0 0.476 0.23 0.531 1.0 0.0 0.0
} 0.017 0.485 0.814 0.0 0.0 0.0 0.06 0.372 0.848 0.027 0.084 0.0 0.0 1.0 0.0 0.018 0.24 0.226 0.0 1.0 0.0 0.124 0.0 0.553 0.0 0.311 0.329 0.231 1.0 0.358 0.0 0.928 1.0 0.215 0.072
tilde 0.024 0.845 0.0 0.0 0.306 1.0 0.0 0.765 0.529 0.796 0.268 0.0 0.732 0.821 0.0 0.173 0.478 0.0 0.0 0.0 0.0 0.0 0.0 0.0 0.0 0.0 0.042 0.0 0.561 0.107 0.088 0.133 0.0 0.0 0.0
DEL 1.0 1.0 1.0 0.62 0.904 1.0 1.0 1.0 1.0 1.0 0.868 0.967 1.0 1.0 1.0 0.173 1.0 0.836 0.928 0.875 0.568 0.886 1.0 1.0 0.788 0.737 1.0 1.0 1.0 0.931 0.949 0.761 0.912 1.0 1.0
backtick 0.004 0.564 1.0 0.0 0.0 0.0 0.811 0.59 0.425 0.0 0.908 0.0 0.096 1.0 0.889 0.0 0.0 0.236 0.0 0.0 0.0 0.0 0.572 0.518 0.002 0.689 0.0 0.291 0.0 0.623 0.0 0.0 0.0 0.131 0.243
a 0.0 0.0 0.0 0.475 0.0 0.0 1.0 0.859 1.0 0.416 0.826 0.672 0.0 0.051 1.0 0.0 0.663 0.433 0.573 0.229 1.0 0.245 0.0 0.59 1.0 0.829 0.608 0.0 1.0 1.0 0.329 1.0 0.716 0.299 0.642
b 0.78 0.0 0.103 0.068 0.876 0.229 0.691 0.0 0.581 0.567 0.243 0.083 0.0 0.501 0.0 0.833 1.0 1.0 0.602 0.55 1.0 0.0 0.0 1.0 0.0 1.0 0.0 0.03 1.0 0.0 0.861 1.0 0.758 0.106 0.0
c 0.389 0.0 0.643 0.33 0.504 0.743 0.0 0.144 0.088 0.0 0.0 0.0 0.0 0.673 0.0 0.775 0.071 0.901 0.757 0.073 0.64 0.0 0.0 0.0 0.954 0.097 0.106 0.477 0.0 0.0 0.049 0.725 0.146 0.675 0.0
d 0.0 0.485 0.0 0.378 1.0 0.0 0.64 0.0 0.99 1.0 0.0 0.458 0.181 0.17 1.0 0.0 0.0 1.0 0.446 1.0 0.0 0.452 0.982 0.189 0.569 0.0 0.399 0.0 0.621 1.0 0.0 0.05 1.0 0.673 0.01
e 0.0 0.0 0.0 0.0 0.0 0.0 0.328 0.0 0.0 0.254 0.0 1.0 1.0 1.0 0.102 0.069 0.0 0.0 0.063 0.506 0.639 1.0 0.548 0.553 0.616 1.0 0.672 0.153 0.059 0.594 1.0 1.0 1.0 0.068 1.0
f 0.0 0.0 1.0 0.915 0.0 0.0 0.416 0.0 1.0 1.0 0.0 0.516 0.0 0.868 0.367 1.0 0.959 0.274 0.0 0.247 0.0 0.215 0.812 0.027 0.0 0.0 0.957 0.453 0.099 0.401 0.937 0.461 0.522 0.0 0.873
g 0.0 1.0 0.655 0.891 0.216 1.0 0.0 0.083 0.0 0.664 0.574 0.847 0.0 0.0 1.0 0.0 0.747 1.0 0.205 0.235 0.0 0.362 0.0 0.0 0.943 0.08 0.52 0.182 0.519 1.0 0.0 0.785 1.0 1.0 0.0
h 0.084 0.0 0.0 0.232 0.0 1.0 0.127 0.498 0.136 0.0 0.495 0.062 0.05 0.0 0.0 0.831 0.0 1.0 0.456 0.433 0.24 0.869 0.0 0.281 1.0 0.272 0.0 0.034 0.0 0.83 1.0 0.0 0.0 0.521 0.495
i 0.0 0.256 0.0 0.0 0.0 0.864 0.061 0.671 0.0 0.533 0.0 0.0 0.41 0.0 0.0 0.662 0.312 1.0 0.0 0.0 0.0 0.09 0.97 0.0 0.892 0.159 1.0 0.695 0.192 0.091 0.38 0.562 0.597 1.0 0.278
j 0.0 0.0 0.395 1.0 1.0 0.0 0.0 0.259 0.0 0.0 0.0 0.0 0.558 0.751 0.207 0.0 0.405 0.0 0.944 0.0 0.013 0.23 0.0 0.92 0.795 0.353 0.0 0.0 1.0 0.0 0.626 1.0 1.0 0.518 0.0
k 0.839 0.0 0.191 0.45 0.0 1.0 0.0 0.0 0.382 0.854 1.0 0.0 0.0 1.0 0.0 0.116 0.0 0.506 0.009 0.0 0.188 1.0 0.0 0.0 0.637 0.549 0.0 0.244 0.195 0.393 1.0 0.0 0.0 0.922 0.32
l 0.182 1.0 1.0 0.172 0.0 0.0 0.0 0.189 0.336 0.0 0.994 0.294 0.273 0.0 0.0 0.0 0.0 1.0 0.938 1.0 0.712 0.0 0.21 0.0 0.175 0.0 0.225 0.909 0.0 0.51 0.33 0.0 1.0 0.459 0.0
m 0.357 0.35 0.433 0.0 0.0 0.33 0.0 0.0 0.159 0.0 0.19 0.711 0.0 0.906 0.885 1.0 0.638 0.638 0.869 0.591 1.0 0.0 0.699 0.083 1.0 0.315 0.0 0.697 0.0 1.0 1.0 0.158 0.227 0.307 0.583
n 0.145 0.086 0.0 0.501 0.069 0.256 0.0 0.0 0.0 0.255 0.96 0.908 0.838 0.899 0.0 1.0 1.0 0.0 0.0 1.0 0.25 0.0 0.0 0.297 1.0 1.0 1.0 0.186 0.0 1.0 1.0 0.172 0.491 0.192 0.413
o 0.23 0.0 0.477 0.0 0.796 0.0 0.0 0.497 0.274 0.0 0.356 0.903 0.574 0.485 0.0 1.0 0.0 0.0 0.772 1.0 1.0 0.235 0.0 0.034 1.0 1.0 0.435 1.0 0.083 1.0 0.0 0.855 0.918 0.831 0.0
p 1.0 0.0 0.0 0.0 0.395 1.0 1.0 0.909 0.0 0.0 0.622 0.375 0.536 1.0 0.543 0.912 0.744 0.621 0.831 0.149 1.0 0.406 0.309 0.0 0.0 0.925 0.726 0.0 0.179 0.369 0.754 1.0 0.0 0.064 0.287
q 0.0 0.0 0.061 0.277 0.041 0.062 0.565 1.0 0.646 0.384 0.0 1.0 0.171 0.056 1.0 0.308 0.39 0.24 0.255 0.739 0.248 1.0 1.0 0.991 1.0 0.0 0.684 0.0 0.08 1.0 0.616 1.0 0.269 0.0 1.0
r 0.0 0.0 0.613 0.099 0.763 0.0 0.0 0.109 0.813 0.0 0.564 0.173 1.0 0.487 0.321 1.0 0.0 0.169 0.0 1.0 0.516 0.216 0.0 0.016 0.0 1.0 0.267 0.034 0.0 0.0 0.96 0.822 0.0 1.0 0.165
s 0.23 0.0 0.0 0.153 0.22 0.0 0.0 0.0 0.373 0.323 0.01 1.0 0.0 1.0 0.966 1.0 1.0 0.945 0.0 0.0 0.0 0.94 1.0 0.618 0.0 0.0 0.007 0.0 0.0 0.319 1.0 1.0 1.0 1.0 0.0
t 0.0 0.0 1.0 0.162 0.1 0.0 0.249 0.2 0.159 0.322 0.675 0.64 0.923 0.0 0.0 0.0 1.0 0.257 0.0 0.0 0.0 1.0 0.067 0.938 0.0 0.222 0.706 0.03 0.218 1.0 0.102 0.0 0.876 0.448 0.572
u 0.0 0.0 0.0 0.0 0.0 0.0 0.0 0.329 0.0 0.0 1.0 0.353 0.471 0.557 1.0 0.135 0.0 0.166 0.0 1.0 1.0 0.2 0.0 0.5 1.0 1.0 0.0 0.013 0.57 1.0 0.0 1.0 1.0 0.0 0.065
v 0.0 0.015 0.077 0.437 0.113 0.434 0.894 0.0 0.0 0.377 1.0 0.0 0.963 0.0 0.626 1.0 0.0 0.0 0.191 1.0 1.0 0.085 0.109 0.72 1.0 0.0 0.153 0.0 1.0 0.076 0.131 0.043 1.0 0.242 0.0
w 0.51 0.0 0.629 0.0 0.999 0.0 0.026 0.0 0.415 0.167 0.728 0.685 0.801 0.0 0.879 1.0 0.069 0.418 0.0 1.0 1.0 0.0 1.0 0.966 0.443 1.0 0.0 1.0 0.0 1.0 0.0 1.0 0.0 1.0 1.0
x 0.0 0.073 0.0 0.0 0.259 0.0 0.0 0.257 0.0 0.0 0.312 0.0 0.0 1.0 1.0 0.0 0.989 0.634 1.0 0.0 0.0 0.0 0.907 0.159 0.0 0.0 1.0 0.081 1.0 0.0 0.753 0.209 0.0 0.0 0.946
y 0.0 0.0 1.0 0.0 0.0 0.909 0.0 0.0 1.0 1.0 1.0 0.0 0.0 0.301 0.758 0.0 1.0 0.174 0.726 1.0 0.0 0.303 0.006 0.0 0.211 1.0 0.519 0.236 0.0 1.0 0.0 0.808 0.882 1.0 0.085
z 0.0 0.0 0.186 0.599 0.0 0.087 0.0 0.0 0.0 0.116 0.468 0.554 0.976 1.0 0.827 0.0 0.0 0.0 1.0 0.362 0.149 0.0 1.0 0.701 0.0 0.078 1.0 0.156 0.0 0.229 0.514 1.0 1.0 0.929 0.819
{ 0.0 0.0 1.0 1.0 0.405 0.776 1.0 0.0 0.528 0.67 0.0 1.0 0.0 0.551 0.091 1.0 0.584 0.0 0.547 0.046 0.0 0.14 0.055 0.0 0.0 0.0 0.584 0.386 0.0 0.0 0.0 0.596 0.926 1.0 0.613
pipe 0.085 0.716 0.67 0.469 0.383 0.624 0.0 1.0 0.0 0.0 0.0 0.473 0.892 0.196 0.055 0.0 0.0 0.386 0.0 0.007 0.079 0.457 1.0 0.0 0.171 0.0 0.0 1.0 0.892 0.0 0.0 0.0 1.0 0.0 0.0
} 0.28 0.771 0.904 0.008 0.0 0.229 0.816 0.0 1.0 0.0 0.245 0.0 0.0 1.0 0.0 0.0 0.0 0.012 0.0 0.724 0.0 0.699 0.733 1.0 0.0 0.339 0.0 0.0 0.968 0.0 0.0 1.0 1.0 0.368 0.0
tilde 0.215 1.0 0.015 0.0 0.0 0.384 0.0 1.0 0.133 1.0 0.936 0.449 0.0 0.472 0.012 0.0 0.0 0.0 0.0 0.0 0.585 0.0 1.0 0.0 0.0 0.0 1.0 0.0 0.28 0.308 0.033 0.0 0.0 0.0 0.405
DEL 0.748 0.554 0.903 0.484 1.0 1.0 0.473 1.0 1.0 0.446 1.0 0.628 1.0 0.72 0.376 1.0 0.345 0.419 1.0 1.0 1.0 0.093 1.0 1.0 1.0 1.0 1.0 0.605 0.976 1.0 0.687 0.5 0.97 0.645 0.532
