backtick 0 0 1 0 0 0 0 1 0 0 0 0 0 1 0 0 0 0 0 0 0 0 0 0 0 0 0 0 0 0 0 0 0 0 0
a 0 0 0 0 0 0 1 1 1 0 0 0 0 0 1 0 1 1 0 1 1 0 0 1 1 1 0 0 1 1 0 1 1 0 1
b 1 0 0 0 0 1 0 0 0 0 1 0 0 0 0 1 1 1 0 0 1 0 0 1 0 1 0 0 1 0 1 1 1 0 0
c 0 0 0 0 0 0 0 0 0 0 0 0 0 0 0 0 1 1 1 0 1 0 0 0 0 1 0 0 0 0 0 1 1 1 0
d 0 0 0 0 1 0 0 0 0 1 0 0 0 0 1 0 0 1 1 1 0 1 0 0 1 0 1 0 0 1 0 0 1 1 1
e 0 0 0 0 0 0 0 0 0 0 0 1 1 1 0 1 0 0 0 1 1 1 1 1 1 1 0 0 0 0 0 1 1 1 1
f 0 0 1 1 0 0 1 0 0 1 0 1 0 0 0 1 1 1 0 0 0 1 0 0 0 0 1 0 0 0 0 1 0 0 0
g 0 1 1 1 0 1 0 0 0 1 1 0 0 1 1 0 1 1 0 1 0 0 0 0 1 0 0 0 0 1 0 1 1 1 0
h 1 0 0 0 0 1 0 0 0 0 1 0 0 0 0 1 0 1 1 0 1 1 0 0 1 1 0 0 0 1 1 0 0 0 1
i 0 0 0 0 0 0 0 1 0 0 0 0 0 0 0 0 1 1 0 0 0 0 1 0 0 0 0 1 0 0 0 1 1 1 0
j 0 0 0 1 0 0 0 0 0 0 0 0 1 1 0 0 0 0 1 0 0 0 0 1 0 1 0 0 1 0 0 1 1 0 0
k 1 0 0 0 0 1 0 0 0 0 1 0 0 1 0 1 0 1 0 0 1 1 0 0 0 1 0 1 0 0 1 0 0 1 0
l 0 1 1 0 0 0 0 1 0 0 0 0 1 0 0 0 0 1 0 0 0 0 1 0 0 0 0 1 0 0 0 0 1 0 0
m 0 0 0 0 0 0 0 0 0 0 0 1 0 1 0 1 0 1 0 1 1 0 1 0 1 1 0 0 0 1 1 0 0 0 1
n 0 0 0 0 0 0 0 0 0 0 1 0 1 1 0 1 1 0 0 1 1 0 0 0 1 1 0 0 0 1 1 0 0 0 1
o 0 0 0 0 0 0 0 0 0 0 0 1 1 1 0 1 0 0 0 1 1 0 0 0 1 1 0 0 0 1 0 1 1 1 0
p 0 0 0 0 0 1 1 1 0 0 1 0 0 1 0 1 0 0 1 0 1 1 1 0 0 1 0 0 0 0 1 0 0 0 0
q 0 0 0 0 0 0 0 1 1 1 0 1 0 0 1 0 1 0 0 1 0 0 1 1 1 0 0 0 0 1 0 0 0 0 1
r 0 0 0 0 0 0 0 0 0 0 1 0 1 1 0 1 1 0 0 1 1 0 0 0 0 1 0 0 0 0 1 0 0 0 0
s 0 0 0 0 0 0 0 0 0 0 0 1 1 1 1 1 0 0 0 0 0 1 1 1 0 0 0 0 0 1 1 1 1 1 0
t 0 1 0 0 0 0 1 0 0 0 1 1 1 0 0 0 1 0 0 0 0 1 0 0 0 0 1 0 0 1 0 0 1 1 0
u 0 0 0 0 0 0 0 0 0 0 1 0 0 0 1 1 0 0 0 1 1 0 0 0 1 1 0 0 1 1 0 1 1 0 1
v 0 0 0 0 0 0 0 0 0 0 1 0 0 0 1 1 0 0 0 1 1 0 0 0 1 0 1 0 1 0 0 0 1 0 0
w 0 0 0 0 0 0 0 0 0 0 1 0 0 0 1 1 0 0 0 1 1 0 1 0 1 1 0 1 0 1 0 1 0 1 0
x 0 0 0 0 0 0 0 0 0 0 1 0 0 0 1 0 1 0 1 0 0 0 1 0 0 0 1 0 1 0 1 0 0 0 1
y 0 0 0 0 0 1 0 0 0 1 1 0 0 0 1 0 1 1 1 1 0 0 0 0 1 1 0 0 0 1 0 1 1 1 0
z 0 0 0 0 0 0 0 0 0 0 1 1 1 1 1 0 0 0 1 0 0 0 1 0 0 0 1 0 0 0 1 1 1 1 1
{ 0 0 1 1 0 0 1 0 0 0 0 1 0 0 0 1 0 0 0 0 0 1 0 0 0 0 1 0 0 0 0 0 1 1 0
pipe 0 0 1 0 0 0 0 1 0 0 0 0 1 0 0 0 0 0 0 0 0 0 1 0 0 0 0 1 0 0 0 0 1 0 0
} 0 1 1 0 0 0 0 0 1 0 0 0 0 1 0 0 0 0 0 1 0 0 0 1 0 0 0 0 1 0 0 1 1 0 0
tilde 0 1 0 0 0 1 0 1 0 1 0 0 0 1 0 0 0 0 0 0 0 0 0 0 0 0 0 0 0 0 0 0 0 0 0
DEL 1 1 1 1 1 1 1 1 1 1 1 1 1 1 1 1 1 1 1 1 1 1 1 1 1 1 1 1 1 1 1 1 1 1 1