backtick 0.0 0.05 1.0 0.251 0.0 1.0 0.0 1.0 0.0 0.0 0.0 0.0 0.643 1.0 0.106 0.0 0.0 0.0 0.0 0.0 1.0 0.0 0.0 0.429 0.0 0.0 0.94 0.165 1.0 0.288 1.0 1.0 0.0 0.0 0.046
a 1.0 0.0 0.809 0.0 0.686 0.773 0.796 1.0 1.0 0.0 1.0 0.572 0.0 0.535 0.0 0.0 1.0 1.0 1.0 0.314 1.0 1.0 0.0 1.0 0.876 0.646 0.0 0.088 1.0 1.0 1.0 1.0 0.0 1.0 0.0
b 0.198 0.685 0.0 0.0 1.0 0.0 1.0 0.0 0.235 0.0 1.0 0.258 0.286 1.0 0.857 0.727 1.0 1.0 1.0 0.0 1.0 1.0 0.14 0.694 0.669 1.0 0.0 0.0 1.0 0.0 1.0 0.119 1.0 0.558 0.455
c 0.575 0.0 0.0 0.355 1.0 0.0 0.0 0.201 0.039 0.0 0.0 0.8 0.0 0.0 0.0 0.0 1.0 0.84 0.896 0.405 1.0 0.0 0.0 1.0 0.12 0.097 0.518 0.163 0.0 0.0 0.257 1.0 0.282 0.89 0.0
d 0.0 0.0 0.0 0.0 1.0 0.0 0.239 0.0 0.0 1.0 0.46 0.102 0.042 0.301 0.0 0.477 0.786 0.371 1.0 0.047 0.0 0.52 0.534 1.0 1.0 0.409 1.0 1.0 0.0 1.0 0.463 1.0 0.408 0.665 0.605
e 0.0 0.967 1.0 0.0 0.165 0.615 0.0 1.0 0.071 0.0 0.036 0.579 0.659 1.0 0.332 0.053 0.0 0.539 0.0 0.654 0.157 1.0 1.0 1.0 1.0 0.468 0.0 0.0 1.0 0.858 0.621 0.897 0.87 1.0 0.506
f 0.0 0.0 0.86 0.696 0.958 0.0 0.312 0.0 0.0 1.0 0.169 0.0 0.0 0.342 0.574 1.0 0.512 1.0 0.0 0.939 0.0 1.0 1.0 0.0 0.688 0.0 1.0 1.0 0.0 0.122 0.051 1.0 0.0 0.623 0.358
g 0.835 1.0 1.0 1.0 0.0 1.0 0.75 0.409 0.0 1.0 1.0 0.0 0.558 0.571 1.0 0.0 0.685 1.0 0.0 1.0 0.719 1.0 0.611 0.755 0.294 0.19 0.0 0.0 0.0 0.87 1.0 1.0 0.836 0.859 1.0
h 0.0 0.0 0.0 0.0 0.0 1.0 0.14 0.467 0.0 0.0 1.0 0.0 0.0 0.837 0.0 0.848 0.0 1.0 1.0 0.0 0.0 1.0 0.753 0.565 0.0 0.0 0.129 1.0 0.373 0.654 0.0 1.0 1.0 0.522 1.0
i 0.076 0.829 0.0 0.0 0.0 0.0 0.917 1.0 0.0 0.742 0.0 0.593 1.0 0.547 0.0 0.0 1.0 0.423 0.0 0.139 0.0 0.034 1.0 0.0 0.0 0.786 0.115 0.975 0.982 0.976 0.0 0.202 1.0 0.261 1.0
j 0.002 0.0 0.0 0.548 0.0 0.0 0.0 0.0 0.0 0.0 0.0 0.0 0.242 1.0 0.0 0.876 0.0 0.734 1.0 0.077 1.0 0.0 1.0 0.123 0.599 0.374 0.937 0.357 0.492 1.0 0.0 0.988 1.0 0.238 1.0
k 1.0 0.811 0.0 0.345 1.0 1.0 1.0 0.0 0.0 0.0 1.0 1.0 0.624 0.313 0.0 1.0 0.0 1.0 0.0 0.0 0.653 0.786 0.0 0.0 0.0 1.0 1.0 1.0 0.639 0.0 0.643 0.0 0.0 1.0 1.0
l 0.0 1.0 1.0 0.0 1.0 0.0 1.0 1.0 0.0 0.0 0.0 0.0 0.873 1.0 0.732 0.0 0.0 1.0 0.0 0.496 0.0 0.0 0.431 0.0 0.0 1.0 0.861 0.764 0.842 0.0 0.24 0.029 1.0 0.0 0.0
m 0.074 0.363 0.601 0.0 0.0 1.0 0.0 0.43 0.0 0.0 0.0 1.0 0.541 0.535 0.0 1.0 1.0 1.0 0.175 1.0 0.898 0.617 0.897 0.0 0.799 0.273 0.0 0.0 0.0 1.0 0.993 0.541 0.0 0.0 1.0
n 0.0 0.277 0.012 0.0 1.0 0.67 1.0 0.858 0.0 0.277 1.0 0.8 1.0 1.0 0.0 0.527 0.594 0.0 0.0 1.0 1.0 0.348 0.559 0.0 1.0 1.0 1.0 0.553 0.223 1.0 1.0 0.0 0.202 0.0 0.613
o 0.0 0.192 0.0 0.0 0.003 0.0 1.0 0.134 0.024 0.695 0.266 1.0 0.749 0.228 0.451 0.098 0.736 0.0 0.325 0.83 1.0 0.0 0.767 0.694 0.731 0.0 0.0 0.0 0.777 1.0 0.75 0.253 0.0 1.0 0.765
p 0.0 0.0 0.0 0.358 0.0 1.0 0.093 1.0 0.612 0.0 1.0 0.199 0.855 1.0 0.076 1.0 0.965 0.0 1.0 0.911 1.0 0.728 1.0 0.184 0.091 0.0 0.0 0.268 1.0 0.0 0.573 0.0 0.0 1.0 0.0
q 0.0 0.81 0.0 0.0 0.0 0.14 0.454 0.519 0.749 1.0 1.0 0.0 0.0 1.0 0.0 0.0 0.377 0.887 0.0 0.276 0.0 0.362 0.0 1.0 1.0 0.278 0.0 0.0 0.0 0.0 0.0 0.073 0.0 0.0 0.949
r 0.0 0.568 0.0 0.0 0.0 0.0 0.0 0.0 0.0 0.037 1.0 0.533 0.788 1.0 0.096 0.961 1.0 0.0 0.336 0.544 1.0 0.0 0.938 0.0 0.064 1.0 0.523 0.242 0.0 1.0 0.974 0.0 0.809 0.0 0.0
s 0.464 0.0 0.0 1.0 0.124 0.487 0.877 0.287 0.95 0.522 0.124 0.0 0.854 0.37 1.0 1.0 0.0 1.0 0.783 0.203 0.0 1.0 0.734 1.0 0.222 0.0 0.0 1.0 1.0 0.0 1.0 1.0 0.0 0.283 0.0
t 0.103 0.0 0.0 0.882 0.192 0.0 0.0 0.0 1.0 1.0 0.163 1.0 1.0 0.0 0.0 0.078 0.957 0.233 0.441 0.0 0.393 0.0 0.0 0.118 0.0 0.465 1.0 0.58 0.628 0.0 0.0 0.0 0.718 1.0 0.0
u 0.612 0.357 0.0 0.408 0.0 0.0 0.0 0.429 0.708 0.0 0.425 0.0 0.775 0.0 0.185 1.0 0.0 0.0 0.656 0.254 1.0 0.037 0.0 1.0 0.61 1.0 1.0 0.0 1.0 1.0 0.0 0.0 0.519 0.455 1.0
v 0.295 0.677 0.0 0.0 1.0 0.0 0.463 0.0 0.0 0.138 1.0 0.998 0.0 0.383 1.0 1.0 0.0 0.0 1.0 1.0 1.0 0.0 0.273 0.0 1.0 0.276 1.0 0.0 1.0 0.056 0.0 0.251 1.0 0.0 0.0
w 0.365 0.0 0.006 0.0 0.958 0.0 0.0 0.664 0.0 0.212 1.0 0.0 0.225 0.0 1.0 0.842 0.658 0.0 0.0 1.0 0.848 1.0 1.0 0.268 1.0 1.0 0.0 1.0 0.784 1.0 1.0 0.046 0.0 1.0 0.0
x 1.0 0.18 0.881 1.0 0.0 0.0 1.0 1.0 0.253 0.345 0.685 0.0 0.0 0.0 0.0 0.537 0.988 0.0 0.44 0.0 0.364 0.0 1.0 0.0 0.485 0.0 1.0 0.0 0.976 0.0 1.0 0.39 0.034 0.0 1.0
y 0.39 0.05 1.0 0.327 0.331 0.419 0.0 0.0 0.0 1.0 0.795 0.0 0.001 0.0 1.0 0.0 0.842 1.0 1.0 1.0 0.472 0.362 0.0 0.465 1.0 0.0 0.171 0.0 0.0 1.0 1.0 1.0 0.444 0.577 0.0
z 0.97 1.0 1.0 0.0 0.0 0.0 1.0 0.0 0.0 0.732 0.738 0.609 0.781 0.0 1.0 1.0 0.0 0.0 1.0 0.0 0.057 0.934 1.0 0.0 0.0 1.0 1.0 0.0 0.67 0.508 1.0 1.0 0.814 0.0 0.965
{ 0.165 0.0 0.179 0.0 0.393 0.109 0.258 0.0 0.266 0.635 0.947 1.0 0.836 0.0 0.0 0.0 0.0 0.0 0.0 0.427 1.0 1.0 0.0 0.81 0.0 0.0 0.747 0.0 0.0 0.0 0.0 0.0 0.037 1.0 0.0
pipe 0.0 0.0 1.0 0.707 0.163 0.0 0.0 0.193 0.755 0.741 0.14 0.0 1.0 0.0 0.0 0.33 0.0 0.0 0.0 0.0 0.0 0.766 0.228 0.0 0.0 0.379 0.0 1.0 0.227 0.0 0.607 0.543 1.0 0.0 0.276
} 0.0 1.0 0.613 0.772 0.0 0.095 0.089 0.0 0.427 1.0 0.384 0.0 0.003 1.0 0.0 0.0 0.26 0.311 0.148 0.0 0.233 0.556 0.0 0.396 0.169 0.627 0.037 0.0 0.548 0.51 0.0 1.0 0.276 0.0 0.0
tilde 0.785 0.484 1.0 0.0 0.0 1.0 0.0 1.0 0.28 1.0 1.0 0.0 0.0 1.0 0.0 0.262 0.196 0.492 0.0 0.225 0.446 1.0 0.0 1.0 0.0 0.0 0.627 0.007 0.45 0.0 0.0 0.0 0.307 0.041 0.0
DEL 1.0 0.922 1.0 1.0 0.294 1.0 0.822 0.714 0.0 1.0 1.0 1.0 1.0 1.0 0.0 1.0 0.633 0.927 0.97 1.0 0.729 0.699 0.0 0.433 1.0 0.73 1.0 1.0 1.0 0.687 1.0 0.794 1.0 1.0 1.0
